99 72 -47
-6 82 -54
66 -100 20
-93 69 1
55 83 -82
-10 -8 -57
34 -23 -38
-43 71 24
-5 -38 51
77 -35 99
-89 68 4
93 62 17
59 84 -2
90 17 -92
56 -47 -78
-12 67 91
-48 96 58
46 61 27
-15 58 -42
-8 19 -26
-36 -91 -54
-7 24 20
74 71 77
78 32 -88
60 78 -65
92 -49 46
99 46 34
27 -4 -2
-70 -83 11
-31 -48 -8
-60 14 -38
93 -1 -17
27 -69 -95
-36 30 24
69 -68 68
-24 -70 42
61 -68 -25
-23 -46 27
-74 -72 -88
29 49 99
21 -91 -22
-38 -79 -24
-40 -58 -29
30 -42 52
60 1 -17
90 -56 -56
-56 68 -55
-57 77 25
25 -11 89
8 19 -54
12 -35 31
-43 46 44
72 -38 -85
51 -47 75
-39 -88 78
35 100 -92
86 -81 -14
69 35 -82
-29 50 -9
-74 -99 -10
-75 88 15
-33 -97 57
-46 70 -88
-18 -90 -48
59 71 -61
-12 86 -16
-84 -85 -78
-40 86 -75
-35 -14 -11
73 -34 1
68 59 -26
-54 94 -87
97 -81 1
94 74 -18
-45 -60 9
86 -69 -61
-99 25 -27
-78 -39 -94
11 -88 12
2 100 29
49 49 7
-65 -75 10
-26 53 73
47 -77 67
89 63 -28
-97 -16 11
50 -85 37
-96 18 -14
24 63 -79
49 50 -62
-64 -88 -13
40 32 70
99 37 17
-98 42 -28
19 -97 -68
-72 -11 -10
51 -21 46
97 -37 47
-24 29 -91
-46 62 -54